D:\PyCharmProject\objDetect\keras-yolo3\JPEGImages\000004.jpg 13,311,84,362,1 362,330,500,389,1 235,328,334,375,1 175,327,252,364,1 139,320,189,359,1 108,325,150,353,1 84,323,121,350,1
D:\PyCharmProject\objDetect\keras-yolo3\JPEGImages\000007.jpg 141,50,500,330,1
D:\PyCharmProject\objDetect\keras-yolo3\JPEGImages\000020.jpg 33,148,371,416,1
D:\PyCharmProject\objDetect\keras-yolo3\JPEGImages\000026.jpg 90,125,337,212,1
D:\PyCharmProject\objDetect\keras-yolo3\JPEGImages\000054.jpg 24,54,472,292,0
D:\PyCharmProject\objDetect\keras-yolo3\JPEGImages\000071.jpg 61,75,443,274,1
D:\PyCharmProject\objDetect\keras-yolo3\JPEGImages\000074.jpg 58,61,475,283,1
D:\PyCharmProject\objDetect\keras-yolo3\JPEGImages\000082.jpg 22,93,493,298,1 1,1,207,88,1
D:\PyCharmProject\objDetect\keras-yolo3\JPEGImages\000132.jpg 43,66,279,363,0
D:\PyCharmProject\objDetect\keras-yolo3\JPEGImages\000188.jpg 89,88,500,200,0 406,146,500,216,1 1,140,139,202,1
D:\PyCharmProject\objDetect\keras-yolo3\JPEGImages\000190.jpg 426,197,500,273,0 235,216,323,258,0 141,212,169,276,0 51,210,152,308,0 1,209,55,313,0
D:\PyCharmProject\objDetect\keras-yolo3\JPEGImages\000195.jpg 6,15,482,373,0
D:\PyCharmProject\objDetect\keras-yolo3\JPEGImages\000343.jpg 25,74,489,323,1
D:\PyCharmProject\objDetect\keras-yolo3\JPEGImages\000456.jpg 92,43,425,303,0
D:\PyCharmProject\objDetect\keras-yolo3\JPEGImages\000465.jpg 1,134,500,316,1
D:\PyCharmProject\objDetect\keras-yolo3\JPEGImages\000536.jpg 11,90,481,330,0
D:\PyCharmProject\objDetect\keras-yolo3\JPEGImages\000663.jpg 12,2,417,467,0 7,39,63,94,1 362,24,422,53,1 376,36,422,81,1 373,68,422,108,1 376,98,422,210,1
D:\PyCharmProject\objDetect\keras-yolo3\JPEGImages\000748.jpg 47,100,440,246,0
D:\PyCharmProject\objDetect\keras-yolo3\JPEGImages\000788.jpg 58,19,77,32,1 3,19,33,32,1
D:\PyCharmProject\objDetect\keras-yolo3\JPEGImages\000809.jpg 252,119,500,213,1 118,123,149,138,1 1,124,133,201,1 26,124,479,269,1
D:\PyCharmProject\objDetect\keras-yolo3\JPEGImages\000906.jpg 61,179,450,350,1 423,162,500,259,1
D:\PyCharmProject\objDetect\keras-yolo3\JPEGImages\000911.jpg 1,147,110,319,1 78,47,383,288,0
D:\PyCharmProject\objDetect\keras-yolo3\JPEGImages\000916.jpg 100,38,500,328,0
D:\PyCharmProject\objDetect\keras-yolo3\JPEGImages\000961.jpg 344,134,375,194,1 317,125,365,172,1 308,130,317,160,1 294,134,310,157,1 281,131,298,147,1
D:\PyCharmProject\objDetect\keras-yolo3\JPEGImages\001112.jpg 61,168,125,202,1 95,165,140,194,1
D:\PyCharmProject\objDetect\keras-yolo3\JPEGImages\001218.jpg 21,76,471,276,0
D:\PyCharmProject\objDetect\keras-yolo3\JPEGImages\001445.jpg 114,105,455,267,0 80,170,116,206,1 79,162,97,171,1 1,204,220,338,1
D:\PyCharmProject\objDetect\keras-yolo3\JPEGImages\001561.jpg 117,161,160,181,1 160,162,196,177,1 47,159,101,192,1
D:\PyCharmProject\objDetect\keras-yolo3\JPEGImages\001595.jpg 268,162,442,296,0 40,158,275,288,0
D:\PyCharmProject\objDetect\keras-yolo3\JPEGImages\001604.jpg 1,115,45,186,1 8,107,234,230,1 110,126,291,264,1 245,88,500,340,1
D:\PyCharmProject\objDetect\keras-yolo3\JPEGImages\001626.jpg 69,11,393,278,0 454,167,492,192,1
D:\PyCharmProject\objDetect\keras-yolo3\JPEGImages\001644.jpg 19,3,498,319,0
D:\PyCharmProject\objDetect\keras-yolo3\JPEGImages\001897.jpg 21,78,490,240,0
D:\PyCharmProject\objDetect\keras-yolo3\JPEGImages\001965.jpg 1,39,193,265,1 9,17,482,409,1
D:\PyCharmProject\objDetect\keras-yolo3\JPEGImages\002024.jpg 337,124,500,273,0 104,88,343,301,0 1,109,71,297,0
D:\PyCharmProject\objDetect\keras-yolo3\JPEGImages\002177.jpg 1,112,93,205,0 105,115,341,241,0 211,185,284,255,1 240,183,500,298,1 1,178,149,307,1
D:\PyCharmProject\objDetect\keras-yolo3\JPEGImages\002214.jpg 365,108,500,248,0
D:\PyCharmProject\objDetect\keras-yolo3\JPEGImages\002216.jpg 360,110,500,313,0 65,104,396,319,0
D:\PyCharmProject\objDetect\keras-yolo3\JPEGImages\002229.jpg 37,95,433,304,0
D:\PyCharmProject\objDetect\keras-yolo3\JPEGImages\002278.jpg 8,76,486,312,0
D:\PyCharmProject\objDetect\keras-yolo3\JPEGImages\002317.jpg 111,3,500,280,0
D:\PyCharmProject\objDetect\keras-yolo3\JPEGImages\002374.jpg 126,143,312,241,0 65,200,123,235,1
D:\PyCharmProject\objDetect\keras-yolo3\JPEGImages\002424.jpg 401,222,490,285,1
D:\PyCharmProject\objDetect\keras-yolo3\JPEGImages\002436.jpg 66,158,217,210,1 452,149,500,199,1
D:\PyCharmProject\objDetect\keras-yolo3\JPEGImages\002699.jpg 89,119,427,236,0
D:\PyCharmProject\objDetect\keras-yolo3\JPEGImages\002716.jpg 8,181,223,296,0 3,127,293,248,0 8,109,316,218,0 74,67,376,186,0 107,49,404,159,0 415,298,500,375,0 295,307,462,375,0
D:\PyCharmProject\objDetect\keras-yolo3\JPEGImages\002920.jpg 8,123,242,244,0 242,169,259,208,1
D:\PyCharmProject\objDetect\keras-yolo3\JPEGImages\003016.jpg 67,84,477,314,0
D:\PyCharmProject\objDetect\keras-yolo3\JPEGImages\003021.jpg 26,43,478,305,0
D:\PyCharmProject\objDetect\keras-yolo3\JPEGImages\003070.jpg 428,170,500,236,1 75,175,93,199,1 1,169,41,221,1 90,168,213,224,1 114,172,372,345,1
D:\PyCharmProject\objDetect\keras-yolo3\JPEGImages\003101.jpg 292,1,500,253,0 197,59,263,209,0 1,2,211,295,0 257,170,289,188,1
D:\PyCharmProject\objDetect\keras-yolo3\JPEGImages\003289.jpg 239,187,410,240,0 26,217,100,244,1 384,209,452,249,1
D:\PyCharmProject\objDetect\keras-yolo3\JPEGImages\003461.jpg 8,207,180,275,1 1,276,163,333,1 206,207,284,333,1 282,205,387,333,1 408,160,493,321,1 395,18,476,163,1 312,46,389,203,1 315,1,374,46,1 237,1,306,123,1 80,1,224,63,1 64,26,231,137,1 10,43,71,124,1
D:\PyCharmProject\objDetect\keras-yolo3\JPEGImages\003636.jpg 184,222,258,298,0 283,272,344,325,1 185,265,237,308,1 158,273,217,317,1 7,284,271,371,1 4,319,123,375,1 302,247,355,309,1 282,238,378,277,1 356,232,406,256,1 355,241,391,262,1
D:\PyCharmProject\objDetect\keras-yolo3\JPEGImages\003711.jpg 132,278,166,329,1 162,86,469,344,0
D:\PyCharmProject\objDetect\keras-yolo3\JPEGImages\003973.jpg 1,163,208,356,0 204,284,356,340,1
D:\PyCharmProject\objDetect\keras-yolo3\JPEGImages\004337.jpg 357,173,500,244,1 255,173,396,227,1 202,173,302,217,1 153,171,241,211,1 125,172,193,206,1 86,168,164,205,1 57,168,104,198,1 36,171,85,195,1 20,170,58,190,1 3,174,17,189,1
D:\PyCharmProject\objDetect\keras-yolo3\JPEGImages\005961.jpg 58,391,294,485,0
D:\PyCharmProject\objDetect\keras-yolo3\JPEGImages\006913.jpg 41,122,443,231,0
D:\PyCharmProject\objDetect\keras-yolo3\JPEGImages\007305.jpg 442,65,489,99,1 393,74,434,99,1 347,63,408,101,1 303,67,348,102,1 263,70,305,101,1 219,72,263,103,1 104,75,165,105,1 53,82,108,104,1 22,81,72,105,1 1,81,38,106,1
D:\PyCharmProject\objDetect\keras-yolo3\JPEGImages\P0042__1__0___1201.png 738,709,832,803,2 685,639,780,732,2 794,415,896,513,2 715,476,809,567,2 640,531,736,624,2 910,101,1011,199,2 762,213,851,303,2 682,272,764,358,2 609,322,707,424,2 522,381,625,480,2 571,11,682,119,2 184,285,276,391,2 229,247,333,349,2 140,192,296,352,2
D:\PyCharmProject\objDetect\keras-yolo3\JPEGImages\P0113__1__1848___924.png 313,356,404,436,2 293,257,390,351,2 393,141,468,222,2 468,132,567,235,2 947,632,1023,729,2 918,702,988,767,2 934,943,1007,1015,2 734,701,808,781,2 845,409,953,510,2 644,332,777,441,2 893,322,1009,432,2 735,93,838,188,2 703,259,819,366,2 753,193,862,296,2 705,569,798,667,2 727,855,785,944,2 796,854,847,931,2 855,859,909,937,2 123,228,194,311,2 133,388,188,438,2 687,846,718,898,2
D:\PyCharmProject\objDetect\keras-yolo3\JPEGImages\P0113__1__924___924.png 856,243,943,322,2 865,168,940,230,2 659,167,745,255,2 174,627,269,707,2 849,511,917,576,2 870,399,947,484,2 182,553,276,624,2 1,220,75,308,2 211,214,302,297,2 199,302,294,387,2 1,420,77,509,2 187,461,283,551,2
D:\PyCharmProject\objDetect\keras-yolo3\JPEGImages\P0128__1__0___924.png 615,2,681,71,3 587,26,653,95,3 594,99,832,301,3 286,1,327,35,3 807,442,1013,683,3 837,425,1023,642,3 870,401,1023,618,3 923,340,1023,467,3 671,69,739,133,3 839,197,907,261,3 721,339,850,452,3 830,248,959,363,3 466,1,552,64,3 644,159,881,366,3 624,131,857,338,3 848,224,930,301,3 979,228,998,256,3 929,214,971,261,3 991,220,1003,237,3
D:\PyCharmProject\objDetect\keras-yolo3\JPEGImages\P0169__1__2772___1848.png 230,417,271,460,2 191,408,231,450,2 758,630,800,664,2 363,542,398,578,2 591,1,632,32,2 710,618,750,660,2 665,610,705,639,2 610,600,656,636,2 560,589,607,629,2 509,576,556,623,2 456,566,505,612,2 409,553,456,598,2 261,518,303,552,2 270,426,307,463,2 221,507,261,547,2 187,498,225,538,2 155,489,191,527,2 120,482,156,518,2 590,504,622,541,2 490,477,523,519,2 447,469,486,509,2 408,462,446,494,2 688,528,724,564,2 313,529,352,567,2 544,492,585,533,2 347,447,387,484,2
D:\PyCharmProject\objDetect\keras-yolo3\JPEGImages\P0321__1__0___927.png 160,598,253,652,3 164,633,259,683,3 171,662,266,713,3 202,700,272,739,3 199,721,285,769,3 218,760,286,788,3 212,776,291,826,3 242,868,323,912,3 249,906,328,950,3 365,945,434,972,3 482,852,517,904,3 335,808,405,853,3 318,772,419,817,3 306,721,372,751,3 287,645,371,687,3 268,572,360,613,3
D:\PyCharmProject\objDetect\keras-yolo3\JPEGImages\P0413__1__0___62.png 461,916,495,973,3 342,208,383,232,3 352,68,377,103,3 376,182,391,202,3 419,919,458,943,3 417,894,468,926,3 412,878,459,908,3 479,862,506,902,3 467,871,488,904,3 529,842,555,881,3 513,899,542,943,3 559,889,577,926,3 611,863,638,906,3 620,819,644,853,3 652,858,671,897,3 703,793,727,822,3 760,769,779,795,3 718,224,743,248,3
D:\PyCharmProject\objDetect\keras-yolo3\JPEGImages\P0719__1__0___0.png 447,342,479,397,3 360,310,410,399,3 305,314,341,383,3 272,282,322,358,3 228,277,278,356,3 179,247,239,349,3 147,259,178,310,3 46,244,82,298,3 136,157,166,207,3 571,354,602,406,3 584,414,626,493,3 662,372,698,428,3 691,381,731,453,3 28,252,49,280,3 1,230,33,282,3 330,260,359,301,3 3,754,115,849,3 143,790,167,829,3 934,511,964,561,3 850,481,878,529,3 791,435,825,490,3 741,397,773,451,3
D:\PyCharmProject\objDetect\keras-yolo3\JPEGImages\P0874__1__0___1418.png 926,179,1020,249,3 880,80,984,159,3 853,40,959,119,3 379,455,610,747,3 784,517,880,600,3 406,142,528,228,3 367,42,490,126,3 358,108,490,197,3 440,189,558,269,3 752,468,860,549,3 524,45,607,102,3 532,67,641,146,3 557,108,656,183,3 573,151,677,226,3 600,194,692,262,3 617,232,722,310,3 484,280,608,363,3 470,236,585,314,3 510,322,632,410,3 659,313,761,391,3 687,356,784,427,3 727,441,818,505,3
D:\PyCharmProject\objDetect\keras-yolo3\JPEGImages\P1103__1__101___0.png 402,463,500,545,2 204,781,356,926,2 44,688,250,887,2 482,738,565,821,2 525,632,603,728,2 594,621,672,702,2 562,558,636,642,2 627,553,690,621,2 595,476,677,562,2 660,453,744,548,2 633,388,711,480,2 666,312,741,398,2 722,290,812,383,2 763,218,835,307,2 734,160,808,247,2 758,73,848,169,2 812,52,910,155,2 191,372,296,473,2
D:\PyCharmProject\objDetect\keras-yolo3\JPEGImages\P1158__1__3696___924.png 315,831,443,965,2 222,868,367,1023,2 404,902,529,1023,2 91,153,283,354,2 278,303,410,441,2 337,236,526,431,2 419,320,608,522,2 709,479,842,623,2 600,427,734,564,2 530,328,726,533,2 748,408,983,650,2 855,507,1023,706,2 859,247,1023,437,2
D:\PyCharmProject\objDetect\keras-yolo3\JPEGImages\P1179__1__4620___2772.png 379,456,426,494,2 340,446,392,492,2 313,476,358,515,2 417,469,487,544,2 382,482,434,542,2 446,521,487,570,2 390,526,437,580,2 332,494,383,535,2 270,480,316,516,2 340,702,382,752,2 430,861,497,928,2 381,768,452,840,2 461,942,524,1014,2 515,932,584,996,2 570,903,631,974,2 486,670,561,744,2 490,626,543,679,2 438,549,531,642,2
D:\PyCharmProject\objDetect\keras-yolo3\JPEGImages\P1274__1__1848___2772.png 101,293,167,358,2 7,469,109,573,2 85,406,203,528,2 162,364,274,476,2 243,319,351,431,2 319,270,426,385,2 185,587,286,695,2 101,633,207,746,2 396,23,504,124,2 474,827,546,893,2 17,168,78,223,2 801,707,920,830,2 27,682,131,798,2 759,632,874,748,2 675,478,785,590,2 400,244,466,314,2 577,436,674,538,2 437,416,559,545,2 431,616,493,680,2 424,753,492,817,2 146,912,211,980,2
D:\PyCharmProject\objDetect\keras-yolo3\JPEGImages\P1388__1__2772___2772.png 218,973,269,1023,3 288,989,329,1023,3 256,933,309,981,3 67,962,125,1023,3 83,949,136,1008,3 83,737,112,764,3 113,698,174,759,3 197,665,243,690,3 183,791,231,844,3 165,800,218,858,3 147,816,200,872,3 122,814,183,888,3 103,834,163,901,3 85,843,148,914,3 76,867,130,929,3 41,896,96,957,3 27,909,79,967,3 8,915,64,982,3 1,930,44,1005,3 227,839,264,884,3 214,849,250,895,3 201,860,237,905,3 187,869,223,913,3 160,893,203,943,3 132,915,172,968,3 116,926,162,985,3 99,938,150,998,3
D:\PyCharmProject\objDetect\keras-yolo3\JPEGImages\P1390__1__1848___1848.png 566,232,688,368,2 691,225,830,379,2 829,233,957,378,2 889,339,1012,482,2 760,333,887,480,2 623,326,755,476,2 171,212,302,363,2 361,340,487,466,2 494,325,625,472,2 230,314,355,464,2 98,314,231,464,2 229,620,344,746,2 354,597,471,745,2 480,561,665,752,2 838,655,1009,784,2 216,958,272,1023,2 276,966,330,1023,2 632,981,679,1023,2
D:\PyCharmProject\objDetect\keras-yolo3\JPEGImages\P1392__1__3129___924.png 156,654,247,719,2 249,659,336,722,2 432,887,514,948,2 525,887,606,951,2 16,700,99,761,2 108,703,193,765,2 202,700,289,766,2 293,702,380,771,2 387,706,470,774,2 479,706,564,773,2 529,666,613,729,2 433,660,522,730,2 343,660,427,724,2 211,480,292,544,2 305,481,391,550,2 398,485,485,551,2 490,487,579,556,2 607,217,696,290,2 507,215,596,284,2 361,152,451,224,2 262,151,353,226,2 165,146,255,220,2 64,144,158,216,2 244,880,328,945,2 151,878,233,942,2 57,874,138,940,2
D:\PyCharmProject\objDetect\keras-yolo3\JPEGImages\P1399__1__1848___2772.png 796,585,941,684,2 790,815,928,914,2 776,927,922,1023,2 825,126,970,227,2 515,574,658,675,2 399,856,538,956,2 500,798,647,912,2 399,739,547,846,2 406,623,553,729,2 413,511,561,613,2 423,400,561,495,2 426,280,573,388,2 542,227,685,332,2 554,127,690,214,2 551,5,696,103,2 211,791,366,897,2 226,683,376,793,2 112,615,270,721,2 272,1,414,91,2 162,41,306,133,2 259,106,415,208,2 135,271,289,381,2 252,332,395,426,2
D:\PyCharmProject\objDetect\keras-yolo3\JPEGImages\P1420__1__0___136.png 423,768,554,852,3 475,768,644,882,3 500,769,601,837,3 627,501,828,624,3 711,248,805,309,3 744,261,822,318,3 860,154,966,239,3 919,139,1023,231,3 917,214,968,255,3 971,183,1023,229,3 298,836,431,923,3
D:\PyCharmProject\objDetect\keras-yolo3\JPEGImages\P1866__1__1695___2496.png 146,351,190,487,3 195,355,235,471,3 240,353,278,479,3 336,342,376,445,3 481,600,536,633,3 277,200,318,309,3 188,215,226,311,3 126,210,176,318,3 1,225,32,314,3 345,221,367,277,3 240,237,268,312,3 88,247,113,311,3 2,347,48,493,3 153,741,196,844,3 285,768,318,849,3 323,770,349,832,3 452,769,476,832,3 70,742,92,792,3 378,50,424,78,3 374,20,414,45,3
D:\PyCharmProject\objDetect\keras-yolo3\JPEGImages\P1868__1__4620___1848.png 939,385,1023,492,2 725,309,801,369,2 719,210,813,296,2 494,92,597,177,2 511,258,611,338,2 511,327,624,431,2 705,353,891,532,2 408,415,543,546,2 636,462,720,562,2 766,726,852,807,2 332,772,395,830,2
D:\PyCharmProject\objDetect\keras-yolo3\JPEGImages\P1868__1__5544___1848.png 451,345,582,459,2 260,351,371,472,2 24,304,140,404,2 15,385,132,492,2 100,1,232,137,2 584,213,673,309,2 690,296,861,469,2 882,291,975,398,2 689,234,786,324,2 875,140,1016,276,2 675,126,774,222,2
D:\PyCharmProject\objDetect\keras-yolo3\JPEGImages\P1869__1__924___2772.png 146,884,296,1023,2 1,88,179,248,2 400,124,472,199,2 525,81,602,158,2 589,59,663,136,2 788,644,947,809,2 681,718,812,845,2 543,740,692,888,2 646,351,800,512,2 519,405,672,557,2 420,445,556,599,2 290,479,440,627,2 783,1,852,68,2 717,14,794,93,2 653,35,729,117,2
D:\PyCharmProject\objDetect\keras-yolo3\JPEGImages\P1872__1__0___1848.png 239,9,333,86,2 935,1,1023,78,2 80,86,153,171,2 239,186,317,259,2 236,401,369,521,2 656,369,758,457,2 671,637,777,723,2 688,719,796,814,2 241,955,331,1023,2 238,876,320,949,2 588,841,694,933,2 697,817,809,915,2
D:\PyCharmProject\objDetect\keras-yolo3\JPEGImages\P2007__1__0___2772.png 766,183,789,219,3 665,19,717,85,3 586,1,621,37,3 607,5,637,51,3 776,22,816,77,3 930,103,966,146,3 724,1,762,50,3 794,33,837,90,3 819,197,866,255,3 804,184,845,238,3 781,181,824,235,3 703,205,742,255,3 720,526,741,539,3 746,162,783,212,3 722,151,763,205,3 681,178,722,236,3 736,224,765,261,3 761,240,786,275,3 792,252,824,293,3 832,272,854,319,3 804,367,826,407,3 726,363,752,416,3 734,420,754,467,3 809,417,830,460,3 175,864,242,895,3 532,971,546,992,3
D:\PyCharmProject\objDetect\keras-yolo3\JPEGImages\P2138__1__924___0.png 603,866,657,918,2 810,816,855,858,2 809,465,852,512,2 768,441,817,491,2 728,416,781,470,2 695,385,750,440,2 555,203,647,297,2 874,511,928,564,2 960,593,1013,648,2 942,773,979,807,2 883,858,917,894,2 485,990,526,1023,2 402,184,480,268,2 271,42,367,137,2 195,91,289,180,2 164,276,217,324,2 186,237,227,279,2 189,166,260,228,2 306,117,402,210,2 408,121,497,208,2
D:\PyCharmProject\objDetect\keras-yolo3\JPEGImages\P2159__1__0___64.png 434,475,441,491,3 425,482,434,500,3 170,345,187,365,3 180,284,189,304,3 175,424,187,442,3 41,129,62,146,3 122,292,132,310,3 85,384,98,391,3 446,434,463,493,3 637,375,662,405,3
D:\PyCharmProject\objDetect\keras-yolo3\JPEGImages\P2211__1__2772___924.png 10,433,58,479,2 1,649,67,722,2 8,694,58,749,2 141,682,213,754,2 147,733,229,816,2 116,758,163,806,2 128,795,198,870,2 265,820,314,875,2 291,774,358,844,2 581,903,639,954,2 466,611,587,736,2 550,647,671,775,2 754,878,835,960,2
D:\PyCharmProject\objDetect\keras-yolo3\JPEGImages\P2219__1__0___0.png 847,553,893,594,2 796,576,841,615,2 742,598,787,638,2 691,617,738,658,2 637,633,690,679,2 589,658,638,702,2 536,681,586,723,2 434,722,483,765,2 341,721,389,762,2 388,608,435,651,2 741,529,780,577,2 715,475,761,515,2 901,399,947,440,2 808,303,854,346,2 695,351,741,392,2 646,371,692,411,2 601,391,644,431,2 507,428,552,468,2 436,459,480,498,2 405,314,445,353,2 356,332,399,370,2 307,348,359,395,2 263,370,310,412,2 201,222,244,274,2 185,178,225,223,2 146,88,188,134,2 947,511,995,556,2 114,1,145,32,2
D:\PyCharmProject\objDetect\keras-yolo3\JPEGImages\P2224__1__2772___189.png 707,136,763,186,2 669,147,732,203,2 518,174,563,205,2 314,651,358,705,2 299,219,334,264,2 36,301,79,332,2 46,198,90,227,2 612,273,653,303,2 705,271,749,304,2 851,363,894,397,2 898,361,941,393,2 796,803,829,849,2 788,607,834,637,2 989,264,1023,294,2 941,261,987,294,2 853,268,890,294,2 799,267,843,301,2 804,365,846,398,2 659,272,704,305,2 481,276,519,312,2 608,171,653,207,2 785,135,837,178,2 28,397,73,430,2
D:\PyCharmProject\objDetect\keras-yolo3\JPEGImages\P2231__1__701___924.png 426,734,510,820,2 476,775,559,857,2 530,807,603,884,2 575,834,658,917,2 629,863,710,946,2 316,72,352,120,2 296,135,353,198,2 215,600,293,676,2 511,586,570,642,2 725,606,771,659,2 677,911,743,976,2 583,590,636,641,2 695,757,766,827,2 690,725,730,784,2 695,684,765,756,2 697,639,754,700,2 638,585,701,644,2
D:\PyCharmProject\objDetect\keras-yolo3\JPEGImages\P2236__1__0___0.png 503,571,556,624,2 396,549,456,600,2 233,515,290,567,2 190,515,237,552,2 136,486,195,544,2 22,669,82,726,2 337,534,405,592,2 280,524,344,584,2 176,591,238,649,2 79,727,146,792,2 77,605,206,735,2 868,613,950,694,2 338,345,393,394,2 478,343,540,397,2 632,375,698,435,2 703,357,789,435,2 875,346,947,426,2
D:\PyCharmProject\objDetect\keras-yolo3\JPEGImages\P2283__1__924___0.png 166,758,214,841,3 684,821,736,889,3 602,845,654,923,3 550,867,610,958,3 502,887,555,964,3 453,903,509,989,3 431,920,480,1000,3 404,924,450,996,3 337,953,376,1002,3 260,982,294,1023,3 268,902,310,957,3 253,700,368,830,3 378,859,430,921,3 433,838,473,898,3 502,818,551,874,3 599,786,636,842,3 632,749,681,816,3 863,772,937,879,3
D:\PyCharmProject\objDetect\keras-yolo3\JPEGImages\P2304__1__0___0.png 214,140,262,161,3 78,270,114,292,3 81,277,119,300,3 276,216,293,257,3 233,224,272,249,3 438,96,472,136,3 546,68,583,95,3 538,88,578,106,3 543,102,581,120,3 25,469,59,486,3 457,245,464,270,3 465,245,472,270,3 472,244,477,270,3 477,234,486,269,3 487,246,495,274,3 8,499,39,517,3 44,491,76,509,3 27,478,59,494,3 371,72,413,96,3
D:\PyCharmProject\objDetect\keras-yolo3\JPEGImages\P2330__1__1848___924.png 575,73,615,107,3 986,203,1018,223,3 933,302,959,316,3 788,254,829,279,3 885,465,928,486,3 773,436,807,455,3 782,434,798,443,3 581,460,660,507,3 604,584,681,625,3 846,808,991,932,3 363,471,442,521,3 277,246,350,294,3 313,120,347,152,3 119,790,156,857,3 108,438,187,483,3 142,96,183,127,3 279,196,297,214,3 941,832,956,852,3
D:\PyCharmProject\objDetect\keras-yolo3\JPEGImages\P2554__1__924___924.png 257,726,338,809,2 436,464,512,539,2 304,504,374,567,2 444,390,518,444,2 397,227,472,296,2 365,146,445,216,2 336,71,408,144,2 202,90,284,177,2 664,24,747,96,2 604,790,697,882,2 674,719,767,809,2 754,667,832,748,2 679,119,797,230,2
D:\PyCharmProject\objDetect\keras-yolo3\JPEGImages\P2678__1__2772___1616.png 531,621,668,811,3 434,425,551,595,3 501,390,615,560,3 463,405,582,584,3 404,273,482,390,3 423,260,509,382,3 376,180,435,263,3 381,120,457,174,3 330,54,391,112,3 297,1,369,75,3 324,1,378,57,3 375,50,412,155,3 214,1,311,105,3 185,1,282,115,3 155,1,262,141,3 133,9,238,162,3 97,19,207,175,3 64,36,175,191,3
D:\PyCharmProject\objDetect\keras-yolo3\JPEGImages\P2686__1__2772___2569.png 594,632,661,663,3 234,489,265,575,3 616,271,644,358,3 510,281,555,376,3 376,297,416,368,3 281,315,319,407,3 201,258,246,345,3 670,248,724,331,3 762,225,794,314,3 839,209,871,297,3 964,409,994,477,3 867,429,895,496,3 813,415,853,507,3 675,451,713,532,3 899,208,948,300,3
D:\PyCharmProject\objDetect\keras-yolo3\JPEGImages\P2692__1__924___0.png 28,316,58,349,3 89,642,167,758,3 114,641,173,726,3 124,620,191,720,3 141,611,200,699,3 154,596,235,718,3 166,575,261,711,3 194,573,250,653,3 159,724,186,761,3 473,123,779,679,3 884,729,1007,826,3 954,758,1005,801,3
D:\PyCharmProject\objDetect\keras-yolo3\JPEGImages\P2750__1__2177___2687.png 431,517,472,541,3 432,529,477,554,3 537,499,594,532,3 399,546,438,577,3 405,560,440,589,3 437,541,481,566,3 422,549,494,592,3 488,529,545,564,3 548,514,597,545,3 601,495,650,526,3 645,471,691,497,3 654,483,695,507,3 596,483,640,509,3 607,387,631,427,3 616,374,645,425,3
D:\PyCharmProject\objDetect\keras-yolo3\JPEGImages\P2755__1__0___924.png 680,787,714,802,3 682,806,729,827,3 697,838,730,853,3 695,851,730,866,3 688,870,726,891,3 691,896,727,907,3 693,907,728,920,3 697,929,732,942,3 698,942,734,954,3 698,962,736,981,3 700,977,738,999,3 791,2,814,90,3 765,1,789,92,3 806,334,840,430,3 787,335,814,420,3 781,213,808,305,3 791,462,822,552,3 680,753,716,772,3 682,740,719,761,3 680,720,715,737,3 677,706,711,728,3 771,116,797,183,3 815,478,841,547,3 772,683,789,723,3
